-3.43487828578978
-3.40102884303369
-3.36717961452722
-3.33333057626864
-3.29948190391666
-3.26563266124743
-3.23178666926571
-3.19793185403670
-3.16409779254375
-3.13022917964423
-3.09640162036461
-3.06254796195215
-3.02869005477685
-2.99485591165786
-2.96101221968266
-2.92715381765427
-2.89330715731726
-2.85947167345286
-2.82562690527421
-2.79177211045818
-2.75792348754754
-2.72408554239988
-2.69024654482312
-2.65639815869782
-2.62254625364302
-2.58870088203198
-2.55486293839344
-2.52102445391531
-2.48717920026861
-2.45332956668134
-2.41948273012145
-2.41539089612272
-2.38564219179747
-2.38193665420217
-2.35180543675473
-2.34848333435569
-2.31796587953549
-2.31503114047123
-2.28412119911745
-2.28157585032278
-2.25027372446425
-2.24814124748941
-2.21642879225693
-2.21463078172070
-2.18258892559302
-2.18134589376721
-2.14875230684725
-2.14755840780845
-2.11491487159838
-2.11460561065317
-2.08107351215287
-2.08070297367268
-2.04737372921908
-2.04722885486616
-2.01420021417109
-2.01338419476552
-1.98047527055120
-1.97954263428644
-1.94693034840658
-1.94570506757843
