4626.670186024129
5189.130729706409
5879.646769471096
6741.37280478109
7837.375581551045
9262.746472054729
11166.23012873597
13790.926600336796
17555.85508538079
23232.403652387693
32364.104507721593
48392.993324996896
80185.99348976061
155374.2663956847
376577.9756974059
836268.1053364425
479802.2541820814
188733.37270150537
92962.2237068631
54614.11107743518
36056.44003037678
25820.685591571644
19639.01739038644
15657.717379966163
12973.301770993527
11105.307101647477
9780.580993939684
8835.754747591316
8169.523176300306
7717.798745543318
7440.168336408476
7312.324947086341
7321.89634643411
7466.402561011444
7752.764116707078
8198.215747358026
8832.84882001358
9704.462112892597
10887.148487301367
12496.47513804488
14717.112463348818
17855.53717015296
22446.97076016222
29489.91898908609
41013.463563395846
61631.64013962922
103541.0859545549
205981.93652342993
514441.6466172891
996670.8977013454
485779.23891882546
196879.15533979706
100223.4952746649
60213.44915389786
40380.10688935325
29248.861160650536
22435.689086745842
17998.582119415016
14976.799210871606
12853.437729234898
11331.851323388539
10233.217045871592
9445.875939016763
8898.724366483179
8546.604439516883
8362.091416647656
8330.946939152962
8449.888662477348
8726.063377247945
9178.080645763255
9838.873718259667
10761.173407815737
12027.244160671353
13766.201066170677
16185.760670400346
19633.34801242104
24721.43886478188
32606.175542232777
45672.762829200954
69454.59939715694
118975.58016794988
244138.8893753866
625388.5949543003
1011989.9145321624
438300.8251794592
183815.5979033263
96446.20010416122
59118.91975888277
40199.086264179576
29411.85236053446
22731.27709731167
18340.108349985516
15326.39661990946
13193.998190508946
11655.63229555283
10536.850687198148
9728.050943450096
9159.058377755755
8785.075108591333
8578.741088871671
8525.727247578432
8622.582032428385
8876.255333069761
9305.181274558066
9942.2117600573
10840.226159197435
12082.145775060588
13798.848503475681
16202.258122206797
19649.607788980804
24776.73561139988
32798.51947102157
46261.03904280259
71195.65897330354
124442.17999996126
263706.6070436796
684987.2490519764
893360.6384522603
359435.1389280344
156495.50474370288
84633.2051080087
53003.53395889779
36642.84808979409
27186.352297687616
21276.582981622425
17370.734742989618
14684.198180701767
12785.870983239038
11424.411963273387
10446.638291567708
9756.374032011056
9292.522911876551
9016.934544588885
8907.609840494322
8955.059846812808
9160.756599709059
9537.24543486566
10109.932509848672
10921.00714437084
12036.59328907654
13559.350754120176
15650.999596436006
18574.12661185634
22774.052897847894
29050.54162521438
38950.35907324812
55768.14297899034
87480.7376081553
157017.04378254674
345284.8793343301
894990.8830956991
921202.1664306483
356941.99698586407
160953.1876973644
89170.28203827007
56657.979621980405
39502.96644063483
29445.088497739085
23091.15599675789
18854.68267986632
15918.049532633077
13827.268026542382
12315.360441033963
11218.400009743282
10432.750397369562
9892.091994919663
9554.618068073769
9395.817813071666
9404.58147270355
9581.522881101115
9939.073241427848
10503.370853168582
11318.452614336351
12453.948319789406
14018.726089469108
16185.456033496428
19236.576587485593
23655.19290159377
30318.01564693029
40943.07040120827
59252.9490952204
94468.97668069215
173905.95742408064
396433.55218627374
997949.5791331828
809388.867271342
310946.5032205939
145257.29395917858
82431.75936112968
53189.86906227448
37462.2176725544
28110.416877605352
22136.515980063767
18115.307959907026
15302.74925877739
13281.370451392046
11803.4684060266
10715.6811666215
9920.19262020264
9353.704882124692
8975.615077415678
8761.276761066012
8698.290763203444
8784.810300280375
9029.436848663912
9452.704696310639
10090.579268056865
11001.009528152614
12275.682071198311
14061.376666119037
16600.303925152133
20310.721431316837
25960.23530108495
35074.33648424424
51019.38374143872
82340.40046214816
155162.45862233324
365889.2753118585
860927.483328434
557118.510941669
217054.87643431473
105461.50428693378
61653.4041787392
40741.83808992453
29307.85388483435
22439.63629213056
18029.86050129143
15060.889736003668
12995.398559155623
11529.634405064438
10482.780013584961
9743.180059474069
9240.499215650414
8930.618798492489
8787.234832703358
8797.251074680213
8958.54327966237
9279.447701471194
9779.810830590355
10493.84637453616
11475.548160737508
12808.226231946808
14621.289860106372
17120.64409971014
20646.342974032163
25788.7744662908
33641.345200805095
46405.23752265479
69024.19816028277
114350.96272699142
222895.19103612695
545324.0802660784
1158965.2747235948
624486.4490865325
248267.81508718076
123878.8223277277
73438.54445646379
48785.95691146541
35076.040169733205
26731.373477732082
21311.79255161255
17621.17416864538
15020.319577208207
13144.107585037475
11772.974162756895
10769.748541273186
10046.614578985334
9546.990227154425
9235.290288110647
9091.145342861797
9106.366340853008
9283.839051666764
9638.075659415797
10197.585790981566
11009.73595092907
12149.57000053828
13735.584580005623
15958.640680446246
19137.417149429046
23831.54973916758
31091.337758238078
43066.41261660573
64689.97327133377
109161.90196343025
219576.70829238158
554461.0901012591
993910.5952594269
456595.2332033412
188140.3861354246
97319.10168782654
59154.373516540705
40025.48787636845
29198.41788500537
22523.741729483572
18147.109395080704
15144.86204754917
13017.255135587846
11476.04387153788
10346.574370096647
9519.109308311876
8923.134874037263
8513.17241682515
8260.731773464462
8149.774920635998
8174.374539753853
8337.94944156254
8653.894490260578
9147.788010679746
9861.80538065145
10862.695348357573
12256.075174930204
14212.764687619454
17019.665696557888
21184.542908048228
27670.018744414767
38472.51602694912
58255.22790512876
99794.6773058472
205971.68777257076
529452.0034873771
800339.7073440818
337294.36983976886
143699.0129706742
76592.19862253706
47644.57246830879
32882.07007790854
24437.482871743996
19203.663541118396
15770.037506715471
13425.952585104293
11783.929028095683
10619.589699172817
9797.115295688509
9231.923018834137
8870.914787671574
8681.630935041174
8646.246785178173
8758.435251641946
9022.149819661787
9451.963516675338
10075.015707599703
10935.046385830317
12099.616587347069
13672.717235258042
15817.173183009785
18796.010438883248
23053.021427083826
29380.671121560437
39300.996377527445
56027.27193167273
87248.20972363686
154722.51538375244
334069.37805003655
869936.6889108436
1016866.3307571586
400057.3871661034
176850.49745433687
96560.41906089774
60730.00079413241
42012.75984264034
31112.491635076254
24256.39095410225
19696.24521792487
16537.09597476004
14284.439536503647
12648.414900857155
11451.285173370019
10580.530004208293
9963.709609179634
9554.448467712024
9324.477391743789
9259.228086349507
9355.738252612795
9622.324456088221
10079.954326984052
10765.700407886046
11739.274022655929
13094.712549863698
14981.436443830153
17643.54921326202
21497.18590632926
27293.636420557286
36494.73808512659
52237.88428506509
82195.18625842356
148709.75695795837
331554.94021380635
850864.2091394119
788312.8201132282
303701.9392714569
139355.25063378204
78241.42625310217
50223.345239581686
35313.82217325259
26518.829142281505
20937.003900950276
17201.829493084144
14605.086196515735
12751.7986636681
11408.88261421337
10432.827688016347
9732.715140428088
9250.284271840137
8948.797404814453
8806.758005154792
8814.528233239665
8972.894473258782
9293.202935093057
9799.103383868784
10530.371317818634
11549.911503721733
12956.188974083612
14905.652981750158
17654.821229126992
21643.80879717455
27674.442260900083
37325.96534184667
54043.13368220514
86435.72533545565
160306.6695012326
369819.6882921185
911814.4086591762
677827.8436570109
261398.0608344711
124070.79097433708
71325.70110206108
46546.61009778462
33142.68145968965
25148.69869771841
20039.26915722596
16606.863353904042
14218.551846313472
12518.407095106744
11295.220735997038
10418.64077745159
9806.261750070182
9405.808406301103
9185.19503146673
9126.992493075335
9225.593372247537
9486.269859033006
9925.861110348218
10575.255345818448
11484.324680476231
12730.742345117966
14435.553659187344
16791.349624665178
20115.530243801793
24957.127374509637
32327.671088939584
44249.30216836231
65221.20492213734
106793.08611519488
204790.0666657002
492114.4509330036
1109348.6237278963
654823.3443312667
257132.95740835124
126403.5030841305
74274.92152595708
49102.878296020834
35222.57370219459
26827.49999442507
21402.759637197465
17724.984651673305
15144.322165175094
13291.379984408286
11944.969345758222
10967.464028894996
10271.147640949923
9799.834458189442
9518.531388350602
9407.633567220071
9459.910875700756
9679.459420778066
10082.347449210976
10699.12995642141
11579.924211467272
12803.558302156594
14493.851021740506
16849.305360017384
20199.76290863654
25121.27944873594
32687.752453991176
45078.473159953486
67238.96403406704
112205.0734070574
221769.89893379714
551063.5532890876
1085553.7465874774
537825.5478720245
217519.08941918655
110591.40518269333
66471.27524432115
44642.25484942767
32400.928768776706
24907.464242858834
20022.35023094057
16688.69232103534
14338.406050990126
12645.618494902006
11413.842293363454
10520.2274203452
9886.289585177869
9461.826966086255
9215.851244825482
9131.52007560373
9203.574543940957
9437.587199362682
9850.82851119942
10474.983963342995
11361.475634995133
12590.995968895331
14290.500507630648
16664.364360929085
20054.284296516904
25061.94413051615
32821.06780874739
45664.72657966299
68986.81310285955
117364.60331154335
238955.92165094987
609023.0458431107
1018867.36052746
449092.5859316733
187470.98098111048
98082.11937730137
60088.39189152969
40897.60156266143
29980.89941885568
23230.254480721625
18797.20146287866
15756.346271036253
13605.170560566317
12053.138697472881
10924.045772725874
10107.306420639792
9532.190587686206
9153.598848758491
8944.033988025836
8889.14913047294
8985.575118659837
9240.442727197333
9672.478363531893
10314.966020284546
11221.405133207101
12475.601152302152
14209.697302161148
16637.439660399614
20118.688532548145
25292.99256250397
33379.99380849861
46929.43703047217
71961.47079348382
125210.71275256865
263751.35824683803
683965.9904852025
923945.7570677681
375104.7141580491
162443.75872867063
87509.32685498851
54669.43901240949
37728.542942879554
27950.846649411604
21842.71199394926
17803.0064072354
15018.985420417082
13044.61742388515
11619.962338830168
10586.485180631253
9844.395314009804
9329.917196380442
9002.689644298347
8838.664598701935
8826.227986454462
8964.423986561029
9262.804827360913
9742.86572680687
10441.44518944872
11417.050718440809
12761.08383770814
14617.954954547824
17222.442563448323
20972.839900100967
26584.27872393284
35438.938296798704
50477.8336905602
78811.15436908223
140836.08234627242
308391.53311713773
799376.2912218034
836282.68929186
324786.97001853003
146328.83406176246
81115.54458607068
51632.25041194913
36094.19378550849
26991.673133712942
21244.50135093473
17414.1896756958
14760.049057141656
12871.101359849661
11505.811579776448
10515.963385302139
9807.91598237198
9321.802089535619
9019.942455849785
8880.32212452843
8893.07677508612
9058.989802086711
9389.598186302968
9908.93306213792
10657.358896922517
11698.609020589742
13132.252972599645
15116.128474852418
17908.301661125697
21950.00895018783
28041.623516886182
37750.742860160106
54471.71293248868
86605.21812333814
159006.17972378686
361561.6811217828
911232.2741750453
745734.0461880747
286673.2553137278
133921.4522596589
76081.0186972931
49189.47495731431
34739.000137716415
26153.920853794865
20674.95615327168
16991.24623226201
14418.852476840348
12574.269145339751
11230.126599371719
10245.821648770896
9531.85910514454
9030.542750555336
8705.138369363365
8533.722931768587
8505.835762731913
8621.007682283172
8888.794091258525
9330.335816499639
9981.883139945527
10901.319731954134
12179.811753673668
13962.924443095817
16490.45034531205
20175.908811516758
25777.22424568019
34798.456276730154
50552.67599000921
81429.69711922533
153002.39895669883
359502.44178084354
852686.3108777079
563028.7834458125
218994.8666178212
106081.59865404686
61900.30526555785
40860.20670262787
29373.757417586465
22480.642251383844
18056.914503144533
15078.38248801718
13004.806464079766
11530.9715442409
10475.210655505645
9725.272971440036
9210.310288310955
8885.677021232179
8724.459448984853
8712.804152873689
8847.606233165401
9135.894935996163
9595.733145390956
10258.84415813786
11175.658164592493
12424.243046006188
14126.046317289158
16474.416531662973
19788.690770718265
24623.14402448412
32003.778970799016
43994.54121551233
65226.1697152259
107720.7409155016
209302.9559635036
510641.270292028
1092601.5766612932
594512.2434951294
236201.30145362933
117832.18057039006
69924.1040844695
46542.895890085216
33555.077914391215
25658.421096324466
20535.758013286104
17052.25775749938
14601.934577212256
12838.896643668188
11555.325390950953
10621.547943716176
9954.714667556551
9501.637658132857
9229.113453896407
9118.481019639737
9162.797536745275
9365.866612657683
9742.873949460225
10322.807410289714
11153.336090530202
12309.61796690128
13910.014015878593
16144.847613881719
19331.50874837427
24026.767267219162
31274.37532187716
43207.769493669475
64714.86111922489
108845.77948878365
218095.31792525598
549064.8835426137
998215.1854047439
463342.67178181163
190634.87030085633
98580.0930261326
60011.15207802447
40728.66424998803
29842.297318871915
23151.131936309113
18780.981851576016
15799.730133765126
13703.897552468026
12203.74292021957
11124.34032767536
10356.478949324563
9830.811645865213
9503.652943907438
9349.019731197932
9354.278233466925
9518.103187572591
9850.180498412728
10372.561160725672
11123.00898141688
12161.257921472796
13580.070239301342
15524.892109744818
18229.962324007236
22088.047579135324
27794.15614961525
36666.91792281017
51445.27331055319
78541.37308576285
135579.21838509306
281921.8508253848
727546.6398685559
1073671.9275628647
447887.84936525807
191085.50993714287
101746.47247771997
63065.25956623817
43280.602780087196
31932.0644785041
24876.459602268435
20228.616786214177
17036.87947138579
14781.25404121243
13159.777036720094
11988.847580984357
11153.223213108675
10579.46803315665
10221.275226487474
10051.216745243337
10056.247903420199
10235.656505075092
10600.895751296179
11177.2484920012
12007.754875832637
13160.498217464647
14741.496129535373
16917.724961091193
19959.717748876235
24324.5817579119
30829.02958654943
41041.82623938514
58274.24139576371
90446.09530182742
159955.8449944491
344594.233830085
896722.7771424751
1053799.2697036448
415169.25613147795
183576.07187091242
100329.40708629643
63201.00387930484
43812.61748969227
32524.00658017292
25424.816917020235
20703.82919705682
17434.13279171557
15103.723162686401
13412.582190354171
12176.83117062408
11280.151168878561
10647.762006571485
10231.923150969305
10003.714702603156
9948.505631352467
10063.82752415235
10359.099185158064
10857.143711230694
11597.915562014712
12645.510275265096
14100.676505389325
16123.339137904506
18974.617947155763
23099.506899671498
29301.207421973562
39142.24322743915
55975.365257531084
87997.10958077165
159069.6364207006
354364.7531713274
909489.3824379226
844927.6006452192
325626.86497731553
149425.414791332
83930.24586072007
53913.903665727616
37945.50494931103
28528.350864396565
22553.357759052706
18556.474075496582
15779.068400024087
13798.130218439095
12364.090488925376
11323.344423140235
10578.63786118953
10067.721639471247
9751.434635222358
9606.989712123612
9624.371665579281
9804.831405957266
10161.07735590675
10719.214740371812
11522.954130363427
12641.303015161471
14182.208762780014
16317.170089897236
19327.445712100864
23695.828535844288
30302.508628187603
40882.70275526282
59226.162623735916
94821.08743145634
176166.09142399338
407410.4082027915
1000066.1507493337
731557.3130258475
282353.60260275
134371.26061220383
77392.27637049467
50573.93513687401
36047.480174722325
27375.15336749176
21827.347171172605
18097.377624352168
15499.721898116335
13648.587066503716
12314.88853809541
11357.14547326199
10685.844351377711
10244.133638784986
9997.044113399668
9925.48200465427
10023.143248510149
10295.475268335947
10760.398719579935
11450.964442002827
12420.652164180548
13752.848946151089
15577.598646900116
18101.92249829232
21667.167805757243
26864.082736750366
34781.666987486984
47598.42382700025
70165.71519550923
114951.90082608876
220688.84698178407
531118.828536862
1191270.8332230235
696983.7390463144
273988.7944638165
134880.71968392245
79316.32166517801
52447.18838625711
37611.817656308944
28626.309744875543
22809.62306901202
18856.455845692562
16072.837725633883
14063.879886357274
12592.750908439757
11511.69664599527
10726.088036735991
10174.74512292837
9818.819136239728
9635.480876376207
9614.539275205265
9757.081772923664
10075.803300399639
10597.134267624295
11365.773449585646
12452.996668256486
13971.54119409372
16102.837630936845
19149.05696405434
23638.777476869378
30558.723834118602
41914.08200775436
62262.87279690139
103645.45769709433
204764.22314559392
509160.96234040445
989875.8355176708
484997.95757538266
196988.50838573545
100672.14441595996
60822.97434619727
41068.15869304309
29973.7870083108
23174.49951281271
18737.474112323074
15706.752267809936
13567.99545068018
12025.909310277239
10902.299194839481
10085.653371520566
9504.649671106947
9113.587003419547
8884.162230014525
8800.867363679472
8858.652134953143
9062.221705169966
9426.792907730025
9980.515149527946
10769.232130707956
11865.030048401131
13381.496551788472
15501.738569168188
18532.335618051173
23014.03101697838
29967.79341208484
41500.11949198981
62497.81632549957
106228.46752519795
216757.97149509017
553441.5769965779
895355.3671159485
388524.1437920406
163576.72983369866
86354.71537124412
53366.54381585537
36648.48796753282
27118.793794795474
21219.245834895
17343.802649465415
14686.545847266158
12809.042574155077
11457.449201580552
10477.642975100542
9772.814942799134
9281.008806310374
8962.706093761273
8793.813510560301
8761.772908001336
